    22.304     33.274    0.74799   0.018215      3.013    0.01916
    24.682     121.92    0.12609     8.6408      31828   0.015589
    22.064     38.933    0.86602  0.0069049     1.4694  0.0087491
    21.921     26.851     1.7852   0.012651    0.91214    0.12849
    22.386     29.171      1.077   0.025755     3.3294   0.066621
    23.217     84.741    0.48823    0.12507     222.35   0.010055
    23.172     70.053    0.41484    0.12709     146.08   0.010038
    27.313     470.18   0.076631      43.06 2.5106e+06   0.007122
    27.579     565.17    0.17748     45.276 5.1992e+06   0.050555
    22.846     70.675    0.74199   0.028359     31.857   0.010865
    22.544     36.238     0.8668   0.044384       9.25   0.054632
    22.768     59.705    0.41997   0.049258     35.853  0.0058512
    23.091     53.217    0.30086    0.55219     351.97   0.025578
    22.198     66.685    0.51712   0.051431     41.235   0.011003
    22.288     50.423    0.48672   0.023812     11.506  0.0050555
    22.636     86.128    0.60135   0.040589     67.423  0.0081951
    28.125      881.6   0.067489     62.292 1.2722e+07  0.0066602
    28.638     975.92    0.10012     27.099 7.4889e+06  0.0068261
    25.843     211.55    0.16702     3.6642      45216  0.0076984
    23.647     109.21    0.19124    0.40046     1174.1  0.0027641
    22.085     57.437    0.52412   0.019372     11.092   0.004982
    23.974     149.56    0.29892      1.515      10026   0.020387
     23.92     77.702    0.27436    0.21514     335.78  0.0039827
    28.638     975.92    0.10012     27.099 7.4889e+06  0.0068261
    22.168     43.656     1.1657   0.019594     5.0109   0.045733
    22.506     59.293     0.4574    0.07329     53.422   0.010327
    22.775      57.81    0.40287   0.046892     33.856  0.0046007
    22.513     57.956    0.41503   0.037511     24.514  0.0048721
    25.846     211.92     0.1669     3.6765      45532  0.0076994
