    24.184      150.1    0.28301   0.089264     582.17  0.0009372
    22.736     50.137    0.76069   0.052398     27.485   0.020305
    22.701     51.742    0.86636   0.011322     6.5023  0.0060664
    23.917     67.877    0.49255    0.11621     164.48  0.0073189
     23.77     44.219    0.65805    0.05316     31.936  0.0092795
    22.858     81.839     1.0021   0.021484     31.809   0.015469
     22.99     84.826    0.64436   0.030786     52.834  0.0056677
    23.726     79.774    0.46829    0.16361     310.48  0.0088796
    25.005     86.028    0.54456    0.95278     2983.7   0.057469
    23.133     91.277    0.72749   0.030385     67.822  0.0070051
    24.442     176.05     0.3549    0.38065     3859.4  0.0063331
    24.182     133.01    0.44425    0.16132     959.19  0.0056128
    33.805 1.2403e+05    0.11345     88.472 6.8044e+11  0.0083793
    22.817     74.617    0.58345   0.023703       28.5  0.0038316
    23.012     76.947    0.53512   0.017542     24.509  0.0019956
    23.616     116.84    0.46198    0.11135     444.11  0.0055341
     24.66     134.55    0.39462     2.1756      13951    0.04682
    24.428     189.62    0.42928    0.49696     6619.7   0.012823
    23.779     108.68      0.458   0.057471     199.69  0.0027897
    22.241     60.081    0.80201  0.0095764     5.9244  0.0047103
    23.429      99.11    0.36967    0.17689     463.56  0.0054402
    23.754     132.08     0.4851     0.0528     275.33  0.0028928
    25.873     325.58    0.26474     0.4562      17959  0.0020461
    23.025      82.48    0.45799   0.028589     45.016  0.0021498
    25.741     173.85    0.25262    0.36324     3711.1  0.0017717
    23.129      79.54     0.5816    0.01628     25.842  0.0021453
    26.864     764.66    0.23647     0.9916 2.3515e+05  0.0023932
    24.706     219.97    0.41855     1.1096      20957   0.024056
    29.006     3057.2    0.18639     12.068 5.1886e+07  0.0092563
